$ 1 0.0000010416666666666667 382.76258214399064 67 5 43 5e-11
v -48 96 0 96 0 0 40 5 0 0 0.5
v -48 224 0 224 4 5 25000 3.3 0 0 0.5
w 0 224 48 224 0
w 0 96 176 96 0
t 144 224 176 224 0 1 -30.509536667197644 3.060953661048183e-7 100 default
r 48 224 112 224 0 10000
w 112 224 144 224 0
w 176 208 176 160 0
l 176 160 176 96 0 0.002 -0.020540989636139498 0
w 176 240 176 272 0
g 176 272 176 288 0 0
g -48 224 -64 224 0 0
g -48 96 -64 96 0 0
w 176 160 272 160 0
34 1n5818 1 1.7143528192810002e-7 0 1.3649255137874081 30 1
d 272 160 320 160 2 1n5818
w 320 160 368 160 0
209 368 160 368 208 4 0.000032999999999999996 30.094701087191417 0.001 0.1 1
w 368 160 448 160 0
209 448 160 448 208 4 1e-7 30.09670369178648 0.001 0 1
g 368 208 368 224 0 0
g 448 208 448 224 0 0
w 448 160 448 80 2
w 448 32 528 32 0
w 448 32 448 -32 2
r 528 32 592 32 0 20000
g 592 32 592 64 0 0
r 448 32 448 80 0 200000
w 448 160 544 160 3
r 544 160 592 160 0 1000000
g 592 160 592 192 0 0
o 3 64 0 4099 5 0.2 0 2 3 3
o 2 64 0 4099 5 0.0015625 1 2 2 3
o 21 64 0 4099 40 0.0001953125 2 2 21 3
